yutaro_result_response_times_5_16=[[145.148, False, False, False, False, 64.401, False, False, False, False, False, False, False, False, False, False, 43.894999999999996, False, False, 61.148999999999994, 58.345, 62.12875, 49.776999999999994, False, 78.2, 167.913, False, False, False, 79.565, False, 36.549, False, 63.718999999999994, False, 58.611999999999995, False, 128.74, 60.343, False, 64.354, False, False, 109.493, False, False, False, 71.05600000000001, 135.65800000000002, False], [False, False, False, False, False, False, 27.748, False, False, 60.564, False, False, False, False, 75.29385714285715, False, 70.176, 173.315, 59.547, False, False, 99.145, False, False, 62.419000000000004, False, False, False, False, False, False, False, 121.77799999999999, False, False, 121.95948809523807, 29.378666666666664, False, False, False, False, False, False, False, 96.844, False, False, False, False, False]]
yutaro_result_response_times_c_5_16=[[80.148, False, False, False, False, 24.401, False, False, False, False, False, False, False, False, False, False, 32.894999999999996, False, False, 26.149, 43.345, 54.12875, 27.776999999999994, False, 38.2, 49.913, False, False, False, 34.565, False, 36.549, False, 47.718999999999994, False, 44.611999999999995, False, 62.74, 37.342999999999996, False, 47.354, False, False, 35.493, False, False, False, 40.056, 38.658, False], [False, False, False, False, False, False, 26.748, False, False, 39.564, False, False, False, False, 43.29385714285714, False, 24.176, 40.315, 17.546999999999997, False, False, 29.144999999999996, False, False, 34.419, False, False, False, False, False, False, False, 39.778, False, False, 50.95948809523809, 29.378666666666664, False, False, False, False, False, False, False, 31.843999999999998, False, False, False, False, False]]
