respo_kobatomo_light_8_10_respo_ave=[358.7920357142858, 361.3615357142855, 368.6205357142855, 380.2185357142859, 387.165035714286, 395.1625357142857, 400.7710357142857, 412.6555357142859, 416.5675357142855, 420.512535714286, 431.1510357142855, 437.8615357142857, 447.7480357142859, 454.96453571428594, 463.16003571428615, 472.3125357142856, 479.0900357142857, 484.2495357142857, 494.6830357142858, 498.8025357142861, 509.221035714286, 510.026535714286, 525.0445357142858, 522.0305357142857, 533.5500357142861, 540.7165357142859, 549.9685357142857, 555.8645357142856, 560.8095357142862, 564.2475357142862, 566.4175357142853, 578.7375357142855, 589.7865357142858, 592.5215357142856, 597.4300357142861, 600.391535714286, 602.377535714286, 616.8685357142855, 615.475035714286, 619.9225357142861, 629.4345357142855, 632.0555357142861, 644.3855357142854, 652.2355357142857, 653.0200357142861, 668.8895357142853, 665.9655357142855, 674.5975357142853, 685.0125357142857, 691.492535714286]
respo_kobatomo_light_8_15_respo_ave=[205.73453571428578, 211.12553571428577, 214.7765357142857, 221.20653571428574, 225.69503571428567, 232.2345357142858, 241.86053571428565, 248.6485357142856, 252.10903571428588, 254.46753571428565, 260.16653571428566, 270.4125357142857, 273.48903571428554, 283.14453571428584, 288.41503571428564, 290.0645357142858, 294.54753571428597, 301.96353571428585, 308.0950357142858, 305.5675357142857, 314.58403571428585, 321.7425357142857, 325.73403571428577, 330.3005357142858, 334.2225357142857, 344.98453571428564, 347.79303571428574, 350.8335357142859, 350.88403571428603, 353.81253571428584, 363.30003571428585, 375.6135357142858, 374.59053571428575, 379.55053571428556, 384.2025357142859, 390.46153571428556, 394.04553571428573, 399.4145357142858, 404.74603571428577, 407.9425357142859, 415.53253571428564, 417.65253571428565, 423.81853571428576, 425.4435357142859, 422.55503571428596, 436.62853571428576, 438.6935357142859, 443.92353571428566, 443.6960357142854, 455.12253571428613]
respo_kobatomo_light_8_20_respo_ave=[123.20453571428581, 126.42053571428572, 129.31403571428572, 133.48453571428573, 135.94503571428578, 139.98953571428567, 142.69503571428578, 147.12153571428578, 150.5465357142857, 152.88253571428578, 157.48703571428575, 163.16053571428577, 165.14103571428575, 169.31053571428566, 173.03003571428576, 179.0295357142858, 181.94603571428576, 185.41953571428581, 189.17553571428564, 192.0075357142857, 201.9950357142857, 208.77753571428562, 209.0270357142858, 213.63553571428568, 213.84003571428573, 221.67253571428577, 225.5055357142857, 229.50653571428572, 232.7075357142858, 236.52753571428565, 242.30503571428585, 246.37253571428576, 255.74403571428567, 253.7225357142856, 253.80003571428566, 262.49353571428577, 263.0455357142857, 269.8435357142856, 271.4735357142856, 277.84753571428564, 279.07753571428583, 279.46553571428564, 287.13253571428567, 287.6995357142858, 292.90503571428576, 295.64153571428574, 304.5705357142858, 303.95353571428564, 303.4235357142856, 303.98253571428563]
