respo_kobatomo_heavy_20_4_respo_ave=[297.0447783043347, 310.1327783043345, 323.3552783043346, 331.8957783043345, 340.5722783043346, 348.4057783043344, 351.7762783043344, 365.2687783043345, 374.5962783043345, 377.24977830433454, 392.1887783043346, 399.1747783043345, 410.13577830433445, 413.7267783043343, 424.55477830433455, 438.00277830433487, 442.4757783043344, 450.73977830433483, 457.22027830433484, 465.05977830433454, 475.9557783043347, 481.8707783043347, 487.73577830433476, 497.9637783043344, 509.88727830433453, 508.7647783043345, 515.8817783043344, 526.5977783043344, 538.5767783043347, 540.0647783043345, 558.0867783043342, 562.3107783043346, 568.1282783043345, 581.9727783043348, 591.3747783043345, 596.2637783043348, 602.7657783043347, 605.3427783043344, 619.8667783043343, 622.0197783043345, 639.3367783043345, 642.0697783043347, 646.9787783043346, 654.8157783043348, 663.4122783043344, 671.1937783043347, 681.9092783043346, 694.3847783043346, 694.7502783043346, 704.1197783043344]

respo_kobatomo_heavy_20_6_respo_ave=[236.327207975431, 245.278207975431, 257.183207975431, 266.45920797543096, 281.176207975431, 288.981207975431, 301.39370797543114, 306.94420797543097, 313.640707975431, 323.03120797543096, 332.682707975431, 340.0782079754309, 348.908707975431, 357.6312079754309, 364.78370797543096, 371.480207975431, 378.39120797543086, 384.071207975431, 396.06020797543084, 403.221207975431, 413.68770797543095, 417.40820797543086, 423.77470797543094, 433.2832079754311, 436.37120797543105, 445.0882079754309, 457.7932079754313, 459.27320797543086, 465.77770797543087, 460.01620797543103, 469.610207975431, 482.12820797543105, 487.2407079754308, 501.0322079754312, 505.17870797543105, 515.7282079754309, 519.023207975431, 528.5702079754307, 535.5992079754309, 536.8562079754311, 551.4707079754307, 555.2662079754311, 560.1562079754309, 567.8672079754313, 570.8487079754311, 566.9112079754308, 582.915207975431, 596.863207975431, 599.1297079754308, 609.1262079754312]

respo_kobatomo_heavy_20_8_respo_ave=[206.82003829115467, 218.40253829115466, 227.90603829115497, 240.74653829115482, 245.9575382911549, 258.25853829115493, 266.92903829115477, 277.0975382911548, 288.97203829115495, 292.95253829115495, 306.8430382911547, 311.3515382911548, 313.54653829115483, 326.7775382911548, 333.2850382911549, 341.01853829115475, 344.9630382911546, 359.03353829115497, 368.82803829115466, 371.79753829115486, 371.51253829115484, 378.42353829115507, 386.21853829115486, 390.2985382911546, 392.9775382911549, 406.1105382911548, 409.92253829115475, 423.75853829115493, 422.91303829115463, 428.42753829115486, 442.65453829115484, 447.90153829115513, 449.626038291155, 457.818538291155, 464.4225382911549, 471.47853829115485, 476.20303829115494, 476.67553829115474, 477.25603829115454, 494.35753829115475, 501.06803829115495, 503.3435382911547, 508.84903829115456, 516.4385382911549, 525.8475382911548, 528.5905382911548, 535.020038291155, 536.803538291155, 554.735038291155, 556.682538291155]

