respo_pro_koba_light_20_4_respo_ave=[353.72303571428586, 360.9895357142858, 368.35503571428563, 379.16753571428575, 387.257535714286, 393.6525357142858, 403.70503571428594, 412.5265357142856, 416.9265357142857, 422.43253571428596, 435.5960357142857, 442.23453571428587, 449.9265357142863, 460.3315357142856, 467.65753571428615, 475.35353571428544, 480.54153571428566, 489.0785357142862, 498.5060357142857, 504.47753571428615, 511.6850357142857, 516.8935357142857, 521.2485357142855, 530.4175357142859, 536.6475357142862, 542.1335357142857, 550.8840357142857, 559.1645357142858, 563.6625357142858, 564.5725357142861, 572.3505357142856, 575.7435357142857, 582.9745357142858, 585.8715357142855, 594.6700357142861, 594.9185357142857, 604.5145357142854, 609.4005357142859, 611.7460357142857, 619.9225357142861, 629.8055357142858, 639.6995357142856, 638.8015357142856, 650.8115357142858, 656.8525357142861, 664.5895357142855, 672.2655357142853, 679.3945357142859, 687.8500357142855, 690.7575357142857]
respo_pro_koba_light_20_6_respo_ave=[205.50103571428568, 209.80153571428565, 214.77603571428574, 218.31253571428573, 221.0650357142857, 227.87753571428556, 232.30953571428572, 236.5555357142858, 240.98153571428583, 244.06253571428567, 254.1690357142856, 257.6965357142858, 261.01303571428593, 264.2115357142857, 268.4475357142857, 274.22753571428586, 279.7590357142858, 284.59553571428575, 285.45253571428566, 289.1775357142857, 294.9050357142859, 299.7885357142859, 300.0865357142858, 300.30153571428576, 307.18003571428574, 309.11553571428584, 314.56903571428563, 315.99153571428576, 322.4855357142857, 322.13753571428566, 334.05303571428556, 336.3715357142857, 340.53003571428565, 344.53353571428556, 348.71503571428576, 356.41353571428573, 358.27403571428556, 359.4405357142858, 364.0395357142858, 362.7775357142858, 369.8445357142858, 374.4655357142854, 375.5650357142856, 381.02953571428594, 381.0725357142859, 382.36253571428557, 386.78453571428554, 387.6845357142858, 393.86003571428563, 398.287535714286]
respo_pro_koba_light_20_8_respo_ave=[122.87803571428577, 125.43453571428557, 128.11803571428567, 130.8685357142857, 134.16753571428578, 136.69453571428568, 140.02253571428574, 142.49653571428567, 145.51653571428574, 148.40253571428576, 154.29403571428566, 156.4195357142857, 160.04253571428575, 161.17353571428566, 162.4825357142858, 168.7095357142857, 171.77103571428563, 176.44453571428585, 179.26503571428574, 181.7425357142857, 187.94453571428568, 191.94253571428567, 194.1115357142858, 197.88853571428584, 200.99003571428568, 205.76153571428569, 207.8935357142857, 209.6395357142859, 214.10853571428564, 217.19753571428572, 221.97803571428588, 224.4615357142858, 228.6880357142858, 231.3015357142857, 233.40503571428565, 237.77853571428565, 242.26353571428572, 243.50653571428566, 245.0980357142857, 250.34753571428567, 255.8425357142855, 258.2175357142857, 260.6025357142858, 266.0895357142857, 266.3400357142857, 273.39253571428566, 277.00653571428563, 280.29553571428573, 282.0860357142858, 287.96253571428565]
