respo_pro_koba_heavy_10_8_respo_ave=[295.95677830433465, 299.0187783043346, 299.52377830433454, 304.1907783043346, 307.07477830433453, 312.07477830433464, 317.0687783043347, 321.06177830433455, 320.84377830433453, 323.4847783043345, 335.2047783043344, 337.1087783043347, 339.9307783043347, 342.41977830433444, 345.4972783043346, 346.8357783043346, 345.60527830433455, 347.46677830433464, 351.6612783043347, 353.4647783043345, 357.3167783043344, 362.4997783043347, 364.23127830433475, 366.69677830433443, 368.97977830433456, 369.59277830433456, 373.6822783043346, 376.80177830433445, 376.5187783043347, 378.78477830433457, 388.5482783043346, 390.7577783043345, 393.98877830433446, 398.6387783043347, 398.77477830433446, 406.8067783043347, 411.5672783043344, 414.0337783043344, 415.33327830433444, 418.12977830433454, 420.90477830433434, 421.9437783043346, 424.1857783043346, 428.37377830433434, 427.86977830433455, 436.8677783043346, 437.38227830433453, 435.31377830433416, 437.49877830433434, 437.0147783043345]

respo_pro_koba_heavy_10_12_respo_ave=[228.99220797543092, 230.295207975431, 234.272707975431, 236.86020797543114, 239.51620797543092, 243.64720797543097, 244.09870797543087, 249.28720797543102, 249.2752079754311, 251.73120797543095, 252.525707975431, 256.413207975431, 260.71070797543103, 262.91620797543123, 270.886207975431, 274.8172079754311, 276.08870797543096, 281.854207975431, 284.93670797543115, 287.04120797543095, 292.8097079754309, 296.486207975431, 297.63970797543107, 300.0762079754311, 301.036207975431, 310.150207975431, 309.8467079754309, 309.56820797543116, 313.6402079754312, 315.006207975431, 323.3012079754307, 324.2432079754311, 326.0252079754311, 330.230207975431, 330.21870797543096, 333.9272079754309, 334.19020797543106, 336.1512079754309, 335.72020797543104, 332.72620797543095, 341.34720797543093, 341.94720797543096, 345.48520797543114, 350.21920797543106, 350.208707975431, 348.96920797543083, 353.29970797543103, 355.24320797543123, 353.892207975431, 356.821207975431]

respo_pro_koba_heavy_10_16_respo_ave=[202.2740382911548, 200.96153829115485, 204.21403829115488, 205.46553829115487, 211.18003829115497, 213.01753829115486, 214.3305382911548, 215.3505382911548, 218.73403829115497, 220.85253829115496, 230.38053829115478, 231.3875382911548, 234.89153829115506, 237.3595382911548, 238.36503829115497, 246.86353829115473, 249.44303829115472, 252.22353829115477, 252.94753829115498, 254.79753829115495, 260.64453829115473, 261.0885382911549, 265.3120382911545, 266.50053829115484, 267.12753829115496, 272.2195382911547, 273.54603829115484, 277.1655382911548, 277.2785382911548, 275.84253829115494, 286.45853829115487, 288.4165382911549, 286.25703829115497, 293.8505382911548, 293.62503829115497, 296.22453829115494, 299.42203829115476, 300.41753829115476, 301.82603829115493, 305.0225382911549, 311.5800382911549, 310.8615382911549, 308.86003829115475, 314.3215382911549, 312.77003829115483, 319.058538291155, 319.58603829115486, 322.45253829115484, 325.43553829115496, 324.5275382911549]

