respo_pro_koba_light_5_16_respo_ave=[355.0795357142857, 357.23053571428574, 359.3420357142857, 359.2455357142857, 363.2800357142858, 362.90253571428576, 366.43203571428586, 369.5525357142858, 371.8350357142857, 374.53753571428587, 383.8810357142856, 386.5815357142856, 389.2555357142859, 391.049535714286, 395.970035714286, 395.41353571428573, 398.042535714286, 403.14353571428546, 404.3330357142859, 407.2825357142859, 415.2010357142856, 418.1325357142855, 416.18553571428566, 419.41753571428575, 423.637535714286, 425.99153571428536, 427.9675357142857, 431.41353571428556, 435.1335357142858, 435.64753571428605, 444.4135357142859, 445.35853571428567, 446.8935357142858, 449.8435357142857, 454.42253571428614, 456.92053571428556, 456.2695357142856, 461.4665357142857, 464.0315357142858, 466.09753571428615, 470.8540357142863, 474.86053571428556, 476.86853571428566, 483.05753571428636, 484.09753571428615, 485.8735357142856, 487.59053571428575, 492.4845357142858, 491.44203571428596, 497.0225357142861]
respo_pro_koba_light_5_24_respo_ave=[201.12403571428575, 203.33953571428566, 205.14653571428568, 207.23653571428568, 209.4450357142857, 209.4955357142857, 214.02853571428577, 216.2575357142858, 217.3390357142857, 219.1525357142857, 224.54703571428584, 226.28253571428573, 228.44403571428558, 230.6365357142857, 234.32503571428566, 236.98553571428548, 238.92403571428557, 242.7785357142858, 243.73703571428555, 246.3675357142856, 249.6585357142857, 248.92753571428565, 251.3920357142857, 254.02753571428576, 255.59003571428565, 258.67053571428556, 259.5735357142857, 260.94053571428583, 263.2525357142855, 264.55253571428574, 269.93703571428574, 271.99053571428584, 272.30053571428573, 274.1805357142858, 275.64003571428566, 277.48753571428574, 280.3270357142858, 280.18553571428566, 283.1915357142858, 283.81753571428567, 286.0500357142858, 288.12353571428565, 293.2265357142858, 294.72253571428587, 296.0550357142857, 296.72353571428584, 299.4520357142857, 300.10453571428565, 299.9470357142857, 302.6925357142857]
respo_pro_koba_light_5_32_respo_ave=[120.95803571428567, 121.00953571428565, 122.11203571428581, 123.04753571428577, 124.26753571428577, 125.58653571428569, 127.01503571428566, 127.65853571428573, 128.52503571428576, 129.35753571428577, 132.17803571428576, 133.2975357142857, 134.27753571428573, 135.38053571428566, 137.25503571428578, 137.9465357142857, 139.10403571428571, 140.18153571428564, 141.51953571428567, 142.49253571428576, 145.80903571428576, 146.13053571428566, 147.62903571428566, 148.49553571428572, 150.42003571428577, 150.0035357142857, 150.4795357142858, 151.50453571428568, 154.32553571428573, 154.18253571428576, 155.90953571428565, 155.93653571428572, 158.96303571428575, 158.46653571428567, 163.12503571428581, 164.18753571428573, 165.78653571428566, 166.8595357142857, 169.00253571428567, 170.04253571428578, 172.67003571428575, 174.8965357142858, 176.25453571428582, 177.85053571428563, 175.02753571428576, 177.42753571428563, 178.73703571428578, 179.20453571428556, 180.99753571428576, 183.4225357142857]
