respo_pro_koba_heavy_20_4_respo_ave=[298.55727830433466, 302.9587783043347, 309.34527830433456, 318.4087783043346, 325.44977830433453, 331.7987783043346, 336.8817783043345, 342.30677830433456, 345.0682783043345, 350.38477830433453, 355.6312783043344, 355.93777830433464, 365.7887783043345, 369.34977830433445, 374.59727830433457, 382.70277830433423, 381.7072783043347, 387.7017783043346, 391.6217783043346, 396.88977830433447, 409.5412783043346, 412.1277783043348, 423.1302783043346, 423.67677830433445, 428.25977830433453, 433.0717783043345, 440.5907783043346, 445.3567783043347, 447.15777830433444, 453.17977830433455, 461.6962783043341, 460.885778304335, 461.9667783043344, 465.21477830433474, 466.48727830433455, 470.8577783043347, 477.1832783043344, 484.86177830433456, 489.2727783043345, 491.7997783043345, 506.29877830433446, 504.97577830433437, 512.1427783043345, 515.9447783043344, 516.0347783043345, 529.9097783043347, 532.2782783043347, 539.5607783043341, 542.8232783043347, 546.1597783043345]

respo_pro_koba_heavy_20_6_respo_ave=[231.6187079754311, 234.99320797543092, 242.0042079754312, 243.000207975431, 249.01370797543095, 255.33520797543096, 268.68870797543104, 273.936207975431, 278.2612079754311, 285.286207975431, 290.63370797543104, 298.7722079754309, 306.1747079754312, 311.98920797543116, 311.571207975431, 316.1042079754311, 323.4197079754309, 329.77820797543114, 333.4997079754311, 336.23620797543094, 341.037707975431, 345.2332079754311, 352.256707975431, 351.304207975431, 355.476207975431, 362.2792079754309, 363.7102079754309, 371.3262079754308, 373.5857079754311, 379.536207975431, 378.18120797543133, 384.6212079754309, 391.7487079754308, 396.3752079754309, 396.33870797543096, 405.794207975431, 405.6697079754309, 410.2812079754308, 417.32520797543117, 421.046207975431, 423.1442079754312, 426.62120797543116, 431.77170797543107, 434.1952079754311, 437.038707975431, 444.55520797543136, 446.5222079754309, 449.745207975431, 452.083707975431, 452.99120797543105]

respo_pro_koba_heavy_20_8_respo_ave=[203.61553829115488, 210.04453829115485, 214.1755382911549, 220.0435382911548, 224.90003829115497, 230.6825382911549, 241.37303829115496, 245.311538291155, 247.16653829115478, 251.03253829115488, 259.3385382911549, 262.80753829115474, 266.1940382911548, 273.1475382911548, 275.975038291155, 281.4745382911549, 286.5025382911548, 293.54253829115487, 294.6855382911548, 298.73753829115486, 304.7515382911548, 310.1255382911547, 312.65803829115487, 319.7825382911549, 318.7525382911549, 323.82953829115485, 326.97503829115476, 330.73653829115494, 335.2635382911548, 337.82253829115484, 344.1345382911549, 349.9875382911548, 355.6095382911548, 355.65353829115486, 356.1050382911549, 361.89453829115484, 362.80153829115494, 367.3745382911548, 367.328538291155, 371.49253829115486, 381.36553829115496, 383.5985382911547, 387.2580382911547, 391.63253829115484, 395.4725382911549, 401.06853829115477, 408.2405382911549, 412.1265382911549, 414.4880382911553, 418.99253829115486]

