respo_kobatomo_heavy_8_10_respo_ave=[295.1017783043347, 299.17077830433436, 305.3202783043345, 312.63577830433445, 312.92977830433455, 326.41277830433455, 327.72977830433445, 333.3107783043345, 341.8657783043346, 342.5497783043346, 353.4367783043347, 351.4467783043346, 356.3407783043346, 360.9877783043347, 368.0847783043345, 373.53377830433453, 377.02477830433475, 376.4567783043346, 381.2127783043345, 389.8197783043345, 393.4607783043346, 401.86177830433445, 402.7637783043345, 409.2087783043345, 413.7022783043345, 417.9807783043346, 426.96377830433465, 424.9477783043345, 433.1332783043343, 433.03977830433456, 441.21027830433445, 444.9207783043348, 450.24527830433465, 455.9867783043345, 455.8322783043345, 458.5877783043348, 467.8717783043347, 476.40077830433444, 477.35527830433455, 480.5747783043345, 490.9792783043347, 492.8057783043347, 496.9922783043345, 502.0147783043347, 503.82477830433453, 510.47577830433465, 516.3282783043345, 510.9827783043347, 520.0112783043345, 523.3497783043346]

respo_kobatomo_heavy_8_15_respo_ave=[233.62370797543107, 235.675207975431, 242.37720797543105, 245.655207975431, 251.32620797543095, 254.27420797543095, 261.19020797543106, 266.446207975431, 273.6657079754309, 279.45620797543097, 288.9062079754311, 289.3482079754309, 300.13020797543106, 304.00620797543104, 306.631207975431, 305.94120797543115, 318.92120797543106, 321.2092079754312, 322.50120797543093, 328.03620797543095, 334.4507079754309, 339.0682079754308, 344.38120797543104, 352.46020797543076, 348.65370797543096, 352.2672079754309, 362.27970797543117, 362.37620797543104, 367.50870797543064, 372.1312079754309, 374.0302079754313, 379.62320797543094, 377.217207975431, 383.3102079754312, 392.26870797543097, 395.20120797543103, 398.6727079754313, 397.21220797543117, 405.43470797543085, 411.216207975431, 414.03370797543124, 424.71020797543116, 425.76920797543096, 426.53320797543114, 433.916207975431, 436.87120797543116, 440.1977079754309, 438.9002079754309, 446.5002079754309, 445.89120797543103]

respo_kobatomo_heavy_8_20_respo_ave=[204.5850382911548, 210.5785382911547, 215.11953829115492, 218.68353829115472, 223.28503829115496, 229.5185382911549, 236.59353829115494, 237.98953829115476, 242.68003829115466, 247.6175382911549, 257.82753829115495, 260.09553829115487, 264.4820382911548, 267.7525382911549, 270.94503829115496, 276.9955382911548, 285.2625382911548, 291.71453829115507, 295.08203829115473, 296.047538291155, 306.543038291155, 310.45653829115474, 311.20453829115473, 308.35253829115464, 315.1575382911549, 319.4875382911549, 319.613538291155, 328.07153829115504, 333.6500382911548, 333.96253829115483, 336.9370382911549, 343.5125382911548, 346.2780382911549, 353.18453829115475, 354.9875382911549, 356.698538291155, 363.75853829115505, 363.638538291155, 362.74353829115483, 376.13253829115484, 378.11953829115487, 375.2625382911548, 378.3560382911549, 387.263538291155, 386.83253829115483, 390.40953829115495, 399.201038291155, 405.8905382911549, 400.8615382911549, 405.6575382911549]

