respo_kobatomo_light_20_4_respo_ave=[358.8625357142857, 370.4425357142859, 386.7740357142858, 401.5035357142856, 412.205035714286, 423.10253571428575, 437.3380357142856, 447.5085357142859, 462.3280357142859, 473.7675357142861, 487.59803571428586, 501.5545357142856, 512.0585357142859, 522.5865357142854, 527.7175357142861, 544.3465357142857, 555.6530357142856, 560.347535714286, 576.557035714286, 579.7225357142862, 594.4355357142861, 603.6015357142857, 609.6065357142858, 617.4885357142863, 624.9475357142861, 637.2135357142855, 645.9725357142855, 657.2145357142857, 665.6280357142856, 679.542535714286, 692.4430357142855, 702.6485357142851, 714.9725357142856, 731.2795357142858, 734.7550357142858, 751.2465357142859, 762.5610357142857, 775.6425357142855, 782.0035357142857, 783.0575357142858, 797.919535714286, 806.325535714286, 822.4505357142863, 828.2545357142853, 834.257535714286, 858.4675357142858, 857.1030357142859, 871.8735357142857, 873.9985357142858, 885.8725357142861]
respo_kobatomo_light_20_6_respo_ave=[209.3970357142859, 218.6215357142857, 226.13603571428573, 234.64453571428575, 245.64503571428565, 250.17353571428558, 259.36853571428577, 274.9805357142856, 281.8880357142858, 287.4275357142857, 299.5255357142858, 305.9035357142856, 310.6950357142857, 323.3595357142856, 326.9350357142857, 338.5665357142858, 349.56803571428577, 355.8815357142857, 361.5430357142858, 372.0175357142858, 374.76753571428577, 388.2695357142856, 392.7800357142857, 400.96953571428566, 405.640035714286, 415.92753571428545, 419.8810357142856, 423.9855357142855, 426.77403571428545, 436.81753571428607, 447.64153571428574, 452.5045357142857, 459.90403571428544, 463.84753571428536, 470.2050357142861, 475.5135357142857, 489.51953571428595, 497.4045357142859, 506.24653571428564, 509.04253571428615, 515.8110357142857, 523.063535714286, 524.1785357142853, 534.3865357142855, 539.8950357142861, 549.4265357142854, 551.8160357142859, 558.6145357142857, 566.1020357142856, 576.4525357142861]
respo_kobatomo_light_20_8_respo_ave=[125.71703571428581, 130.80753571428576, 135.47753571428578, 141.47253571428575, 147.09003571428576, 151.93453571428563, 158.09603571428568, 164.24953571428574, 169.02453571428563, 175.23753571428577, 187.6805357142856, 191.92653571428556, 200.69853571428584, 205.67053571428573, 211.3800357142857, 215.66553571428574, 224.33353571428574, 227.86753571428576, 234.70603571428583, 239.47753571428566, 254.1245357142857, 253.73753571428588, 262.5245357142856, 267.8835357142859, 273.3675357142857, 280.1915357142857, 288.4265357142856, 289.1235357142858, 297.9775357142858, 298.42253571428574, 311.5260357142858, 317.1485357142856, 324.88503571428566, 327.7305357142858, 333.4150357142857, 337.6565357142858, 340.08753571428565, 346.67353571428595, 354.59353571428574, 353.7625357142857, 359.0080357142857, 362.28753571428587, 371.16353571428584, 371.4715357142858, 380.86753571428585, 387.32453571428545, 390.09003571428553, 400.71053571428564, 405.07103571428576, 410.397535714286]
