respo_kobatomo_light_5_16_respo_ave=[358.8270357142856, 360.1365357142856, 361.41603571428567, 369.39153571428574, 373.7675357142858, 380.600535714286, 386.28653571428566, 393.83853571428585, 399.7790357142858, 403.46753571428593, 414.3105357142856, 416.0035357142857, 423.4665357142858, 427.6125357142857, 431.940035714286, 439.9505357142857, 441.9425357142856, 449.94153571428546, 451.18303571428555, 460.8875357142861, 467.45053571428537, 475.72753571428547, 476.05853571428577, 486.79653571428565, 489.8375357142861, 499.1915357142858, 501.97503571428575, 503.6775357142857, 505.0665357142856, 513.4775357142861, 515.0800357142855, 524.1235357142859, 528.5455357142858, 535.439535714286, 541.3400357142862, 543.2715357142858, 557.446535714286, 556.5565357142856, 559.9415357142857, 558.7325357142861, 567.2430357142854, 573.1445357142854, 576.5010357142856, 585.3965357142857, 592.095035714286, 588.5545357142857, 590.3280357142855, 596.8435357142858, 597.2895357142858, 601.7625357142862]
respo_kobatomo_light_5_24_respo_ave=[204.44053571428583, 208.0905357142857, 212.4575357142858, 218.80553571428572, 220.4025357142857, 223.39653571428553, 228.89403571428568, 230.2415357142856, 237.3570357142857, 237.46253571428565, 245.6020357142857, 254.72053571428583, 258.3635357142858, 258.0395357142857, 266.43003571428574, 264.3135357142857, 271.2855357142856, 275.74753571428556, 278.49153571428565, 280.2375357142857, 286.2235357142856, 294.46753571428565, 293.87653571428575, 298.5745357142856, 301.55003571428574, 306.97753571428575, 306.21353571428585, 313.30653571428587, 315.1690357142858, 317.0575357142857, 317.6465357142857, 328.0755357142857, 332.16253571428587, 334.1435357142857, 343.23253571428575, 346.47553571428557, 350.22103571428573, 351.5615357142857, 347.771535714286, 360.3525357142859, 353.60153571428566, 364.4875357142859, 366.72053571428575, 367.4785357142856, 370.62253571428585, 378.7015357142854, 382.4985357142858, 388.55753571428596, 389.4150357142859, 389.002535714286]
respo_kobatomo_light_5_32_respo_ave=[122.6325357142857, 124.33053571428577, 126.83203571428575, 128.58553571428567, 131.78253571428576, 135.1475357142857, 137.2700357142856, 139.48353571428564, 141.86203571428575, 143.70253571428577, 148.21203571428578, 150.9015357142857, 153.04253571428566, 155.38653571428569, 155.48253571428577, 160.71853571428568, 164.8420357142858, 166.69853571428564, 169.59003571428565, 172.06753571428578, 180.16453571428582, 180.28653571428575, 184.6845357142859, 185.16653571428574, 188.57753571428574, 193.13953571428564, 199.13803571428573, 201.41753571428572, 204.57653571428568, 205.2825357142857, 211.1390357142857, 212.7995357142859, 218.8400357142856, 222.6305357142857, 220.2425357142857, 222.6425357142859, 228.8370357142856, 232.9285357142857, 232.9265357142856, 236.0375357142857, 240.69653571428557, 243.59853571428565, 246.02053571428573, 244.36053571428576, 247.70253571428566, 258.83053571428576, 257.58853571428574, 260.3785357142857, 262.0580357142858, 266.87253571428573]
