respo_kobatomo_heavy_10_8_respo_ave=[296.90327830433466, 296.9287783043347, 307.3082783043345, 316.6457783043346, 320.13727830433453, 330.53677830433446, 338.9772783043346, 341.3977783043346, 343.07427830433465, 349.37977830433454, 357.04277830433466, 361.8457783043348, 366.9557783043347, 372.4957783043344, 380.1797783043345, 387.17277830433477, 391.2317783043345, 387.49377830433446, 399.40027830433456, 403.40977830433445, 412.9707783043346, 415.7937783043344, 421.908778304334, 430.4027783043345, 436.54727830433455, 438.8937783043346, 443.07977830433464, 448.78077830433443, 454.1262783043345, 449.7097783043345, 467.0562783043344, 467.8377783043348, 475.29827830433476, 482.17177830433496, 487.9497783043345, 490.9477783043344, 494.37077830433446, 499.5487783043344, 507.35677830433457, 507.96977830433457, 523.2387783043347, 521.6677783043348, 530.5602783043347, 535.4737783043345, 535.3922783043346, 544.1827783043348, 552.0217783043346, 556.3857783043346, 560.8917783043345, 557.6597783043345]

respo_kobatomo_heavy_10_12_respo_ave=[234.79120797543104, 236.750207975431, 245.44770797543117, 249.60620797543092, 252.88370797543095, 259.87620797543116, 269.7307079754311, 278.904207975431, 279.89170797543096, 285.86120797543094, 298.4562079754311, 300.7312079754311, 307.651707975431, 307.758207975431, 316.913707975431, 323.2502079754311, 331.6427079754309, 333.322207975431, 340.9177079754312, 337.92120797543095, 353.6337079754311, 354.3632079754311, 358.4772079754311, 363.78920797543077, 366.146207975431, 369.30420797543115, 375.7322079754309, 383.67420797543105, 383.4192079754312, 390.68620797543105, 389.88920797543096, 397.42120797543083, 397.0552079754309, 411.49320797543106, 418.268707975431, 421.799207975431, 427.1682079754311, 429.159207975431, 437.758707975431, 433.101207975431, 442.0217079754311, 455.8402079754312, 451.6677079754307, 455.1032079754307, 463.37870797543104, 469.95820797543087, 475.4802079754308, 471.85320797543085, 474.9482079754312, 478.976207975431]

respo_kobatomo_heavy_10_16_respo_ave=[203.9605382911549, 211.25453829115486, 215.89753829115477, 221.9685382911548, 228.38253829115496, 233.66753829115476, 240.13803829115477, 250.08953829115478, 249.36153829115491, 256.55753829115497, 262.95703829115496, 268.08753829115494, 278.15403829115485, 278.77953829115495, 286.98253829115487, 292.89453829115496, 297.5755382911546, 305.5065382911548, 308.03853829115485, 306.3375382911549, 324.61103829115467, 319.70653829115474, 320.8685382911549, 331.1015382911545, 331.1900382911549, 337.0395382911549, 342.94453829115497, 346.15853829115497, 350.9530382911547, 357.7425382911549, 367.8250382911549, 363.77253829115506, 368.2965382911548, 371.76453829115474, 377.93503829115485, 378.746538291155, 382.84253829115517, 386.85453829115505, 388.2610382911547, 397.81253829115485, 394.023538291155, 403.3845382911549, 406.71903829115473, 408.66353829115485, 418.68753829115485, 430.1655382911548, 425.80703829115475, 432.44253829115485, 431.7155382911548, 439.4125382911549]

