respo_pro_koba_heavy_8_10_respo_ave=[293.2452783043345, 296.62577830433446, 298.0112783043347, 302.9377783043346, 303.35727830433456, 308.3197783043346, 311.7407783043346, 313.8667783043345, 317.9997783043344, 323.1197783043345, 329.97077830433454, 334.48077830433465, 336.95377830433455, 338.7637783043345, 342.7447783043346, 344.45077830433473, 345.01427830433465, 347.5947783043346, 347.05727830433466, 349.60977830433455, 356.10277830433455, 360.3837783043346, 362.5052783043345, 365.01677830433465, 371.0147783043345, 373.0647783043345, 370.83477830433463, 372.32777830433434, 375.3427783043345, 377.31477830433454, 385.1157783043345, 383.9797783043347, 386.33627830433466, 392.95877830433443, 394.65727830433445, 401.42377830433475, 402.3217783043343, 403.6697783043348, 407.3937783043345, 409.3147783043345, 419.65377830433465, 419.26777830433485, 422.90627830433414, 426.48177830433457, 427.54977830433455, 430.8777783043343, 433.21227830433486, 433.6927783043345, 435.1527783043342, 437.80477830433455]

respo_pro_koba_heavy_8_15_respo_ave=[227.589707975431, 229.42220797543098, 231.10720797543092, 235.098207975431, 236.19370797543093, 241.78020797543095, 244.19520797543103, 244.65920797543095, 246.74070797543092, 247.6212079754309, 252.29570797543113, 253.22420797543103, 256.45220797543107, 258.166207975431, 263.22870797543095, 272.65520797543087, 275.4092079754311, 276.2492079754309, 278.859207975431, 281.096207975431, 293.13170797543086, 294.28320797543114, 294.91970797543104, 296.171207975431, 299.04120797543095, 302.33920797543084, 307.020207975431, 307.444207975431, 310.96520797543104, 313.3812079754309, 319.067207975431, 319.7662079754311, 320.0422079754309, 322.9062079754309, 323.73620797543094, 324.498207975431, 326.80720797543114, 329.650207975431, 329.25320797543105, 333.196207975431, 336.92370797543094, 337.41420797543105, 338.51620797543103, 344.7052079754309, 339.86870797543094, 350.2032079754312, 348.77320797543115, 351.70520797543116, 352.403207975431, 354.44620797543104]

respo_pro_koba_heavy_8_20_respo_ave=[200.22903829115486, 205.19853829115488, 206.11753829115486, 209.7465382911549, 211.30003829115495, 212.18553829115478, 214.34203829115492, 216.5405382911547, 219.80153829115486, 222.09753829115496, 229.3105382911548, 231.1055382911549, 232.28703829115486, 233.62953829115483, 235.99503829115488, 240.3045382911548, 242.18153829115494, 246.28153829115473, 249.05503829115472, 250.2575382911549, 257.4270382911548, 257.79753829115486, 258.1240382911548, 263.7615382911548, 265.81003829115497, 266.3685382911548, 269.09653829115484, 266.31053829115467, 269.0075382911549, 269.612538291155, 275.36403829115466, 279.74353829115506, 286.9945382911548, 288.48153829115495, 288.8225382911549, 292.8165382911549, 293.8150382911548, 295.5805382911546, 300.8490382911551, 300.2675382911549, 298.8370382911548, 304.2235382911548, 305.53603829115497, 310.91153829115467, 310.23753829115486, 308.77853829115475, 311.3775382911548, 310.89753829115494, 314.24203829115487, 316.23753829115486]

