respo_pro_koba_heavy_5_16_respo_ave=[292.4007783043348, 292.5587783043345, 293.7092783043345, 295.0047783043344, 296.8322783043346, 298.1867783043346, 301.5522783043348, 304.56577830433446, 305.3627783043342, 307.10977830433455, 314.14377830433455, 316.2247783043346, 318.64977830433446, 322.54377830433447, 322.2072783043345, 323.9917783043345, 326.37677830433455, 327.3637783043346, 327.9437783043344, 329.18977830433454, 333.30227830433466, 336.68177830433456, 341.0987783043347, 341.98777830433426, 341.51977830433464, 347.9157783043346, 344.9577783043348, 343.58177830433453, 348.4757783043346, 347.1197783043346, 357.12477830433477, 354.78877830433447, 358.0517783043345, 354.24377830433457, 357.2597783043346, 362.12377830433456, 362.2947783043346, 360.45477830433447, 366.1842783043346, 363.76477830433464, 365.43627830433434, 367.1567783043346, 370.32627830433444, 370.2337783043347, 373.4372783043345, 373.0867783043344, 377.8862783043344, 378.78777830433444, 377.6932783043345, 380.85977830433455]

respo_pro_koba_heavy_5_24_respo_ave=[228.93870797543093, 230.19820797543096, 231.54170797543102, 232.857207975431, 233.4962079754309, 237.0792079754309, 235.43820797543114, 237.52120797543117, 239.47370797543098, 239.86120797543091, 244.84220797543105, 246.41320797543096, 245.581707975431, 246.08820797543115, 245.49620797543088, 248.09420797543095, 248.6917079754311, 250.67620797543103, 252.73420797543102, 253.1862079754309, 257.65220797543094, 260.1692079754312, 262.97120797543107, 264.10320797543113, 266.113707975431, 269.14320797543087, 269.57770797543117, 271.5262079754312, 273.1572079754311, 274.201207975431, 275.3837079754309, 280.441207975431, 282.0862079754312, 283.5842079754311, 285.913707975431, 283.20920797543084, 286.493707975431, 288.57320797543116, 291.2887079754311, 292.481207975431, 296.0072079754308, 300.94820797543105, 298.64220797543095, 299.5922079754312, 305.281207975431, 304.07320797543076, 303.352207975431, 304.51220797543095, 306.91570797543113, 306.916207975431]

respo_pro_koba_heavy_5_32_respo_ave=[197.50403829115484, 200.01053829115477, 198.86553829115496, 201.310538291155, 203.37753829115496, 205.77053829115482, 207.21353829115498, 206.8105382911547, 207.63853829115476, 208.54253829115495, 212.2505382911547, 214.86153829115486, 216.34503829115494, 215.78353829115488, 217.92253829115495, 220.51553829115466, 220.9620382911548, 223.17153829115497, 223.43603829115492, 225.94253829115488, 229.1360382911546, 230.75453829115483, 231.47703829115494, 231.388538291155, 232.40503829115497, 235.0655382911547, 236.6150382911548, 236.04353829115473, 239.71803829115498, 242.6125382911549, 243.88203829115471, 244.08553829115476, 242.90903829115484, 245.7795382911549, 246.50503829115496, 251.73553829115474, 253.19903829115484, 252.2555382911548, 252.71303829115485, 255.71253829115497, 258.8955382911547, 258.1145382911547, 260.6905382911546, 263.5975382911549, 261.95003829115495, 262.6725382911547, 265.32303829115483, 266.2095382911549, 269.3575382911548, 268.56253829115497]

