respo_kobatomo_heavy_5_16_respo_ave=[292.5767783043345, 298.4317783043345, 299.5337783043345, 301.71077830433444, 304.8097783043346, 314.33677830433453, 316.53527830433455, 318.0637783043347, 322.74077830433436, 329.22977830433456, 334.83277830433474, 338.8787783043347, 343.8792783043346, 345.6487783043345, 343.1722783043346, 349.83077830433444, 352.2672783043347, 354.1177783043344, 356.45727830433475, 358.9447783043346, 367.6337783043346, 365.4487783043348, 372.97927830433434, 375.78977830433456, 373.97477830433445, 385.6457783043345, 381.1957783043346, 386.08377830433477, 388.82027830433464, 397.33977830433446, 406.47027830433444, 405.5087783043346, 403.9387783043345, 403.97777830433444, 409.52977830433446, 416.5077783043346, 421.7887783043345, 423.8847783043345, 423.6247783043346, 428.1447783043345, 430.6532783043346, 440.1337783043342, 441.66277830433444, 444.7687783043347, 446.10727830433456, 446.82777830433463, 455.9422783043346, 456.97777830433466, 457.7227783043347, 464.59977830433456]

respo_kobatomo_heavy_5_24_respo_ave=[229.6122079754311, 234.1372079754311, 236.17520797543094, 239.2092079754308, 244.86370797543088, 246.0762079754311, 248.83870797543088, 250.5222079754311, 254.48970797543075, 260.30120797543094, 264.5842079754312, 271.68620797543105, 274.46670797543106, 278.8812079754309, 280.916207975431, 283.4522079754312, 286.407207975431, 293.898207975431, 296.4942079754309, 297.92120797543095, 306.1022079754312, 305.58120797543097, 305.19020797543106, 315.4282079754309, 311.351207975431, 315.518207975431, 327.29370797543123, 328.26720797543123, 330.10670797543077, 334.41120797543095, 339.84670797543106, 336.8442079754311, 342.18520797543096, 344.2332079754311, 336.36370797543094, 349.8672079754311, 353.5942079754312, 352.02620797543096, 360.44020797543106, 363.296207975431, 363.38570797543093, 362.4172079754312, 366.11070797543107, 370.74020797543096, 375.41370797543095, 383.249207975431, 374.1287079754309, 380.0692079754309, 383.65820797543114, 383.74620797543105]

respo_kobatomo_heavy_5_32_respo_ave=[203.0205382911549, 204.50653829115473, 207.88753829115475, 212.93453829115472, 215.61253829115495, 220.17953829115496, 221.88803829115486, 224.75353829115477, 229.06203829115478, 232.71253829115489, 238.29403829115495, 239.35953829115485, 245.50803829115492, 248.79453829115474, 247.54253829115495, 252.45153829115495, 256.2165382911551, 259.2305382911551, 266.2955382911548, 263.33753829115494, 271.5885382911549, 272.2745382911548, 276.6715382911548, 283.84453829115483, 282.725038291155, 294.01453829115485, 292.8305382911548, 293.2375382911548, 294.3120382911547, 293.80253829115486, 303.5885382911548, 301.76953829115473, 304.98903829115494, 310.0245382911547, 314.0350382911549, 316.254538291155, 315.218538291155, 315.3785382911549, 319.0140382911548, 322.7175382911549, 329.3210382911551, 326.91753829115476, 329.95353829115504, 336.9955382911548, 338.99503829115486, 340.4905382911549, 344.8485382911551, 349.672538291155, 355.39153829115514, 352.8725382911549]

