respo_pro_koba_light_10_8_respo_ave=[354.0655357142859, 355.68153571428576, 360.5270357142856, 364.5005357142857, 369.88503571428583, 377.9615357142858, 382.6060357142858, 387.9355357142856, 391.63003571428567, 396.80253571428597, 405.3195357142857, 411.25153571428564, 412.6235357142858, 416.63853571428575, 420.500035714286, 426.7665357142854, 429.4705357142856, 435.3485357142859, 440.4870357142855, 444.10253571428603, 454.0320357142856, 456.26553571428565, 464.35053571428614, 465.9255357142858, 469.9575357142861, 473.6455357142857, 481.1300357142858, 486.9065357142857, 492.1790357142857, 495.49253571428613, 504.29253571428586, 507.887535714286, 509.69803571428565, 510.3435357142859, 515.0425357142861, 524.4445357142856, 527.0625357142858, 531.7405357142856, 534.8820357142857, 534.9725357142861, 545.2835357142858, 545.0685357142859, 553.0620357142859, 550.0215357142857, 559.1300357142861, 559.7645357142856, 565.7665357142859, 568.4495357142858, 574.4835357142857, 577.4225357142861]
respo_pro_koba_light_10_12_respo_ave=[202.14103571428572, 204.74853571428565, 207.60553571428588, 208.73353571428564, 211.8500357142857, 214.87553571428572, 216.7970357142858, 220.76953571428567, 224.2785357142857, 226.7975357142857, 231.95353571428578, 234.20553571428565, 236.2450357142858, 238.1225357142856, 243.35003571428567, 246.83853571428574, 250.65953571428588, 255.2825357142858, 255.66203571428582, 257.91253571428564, 263.8310357142858, 266.7285357142857, 268.0755357142857, 270.4925357142856, 275.10253571428564, 276.83053571428553, 281.28553571428574, 282.4815357142859, 285.64353571428563, 285.84253571428565, 291.2060357142857, 291.3235357142858, 294.27803571428575, 299.8965357142857, 299.20253571428566, 300.8555357142858, 303.609535714286, 303.94653571428574, 306.62103571428577, 310.12253571428573, 312.2005357142859, 318.0055357142859, 320.30953571428586, 320.0295357142858, 324.6875357142857, 326.29153571428577, 330.40253571428593, 333.73453571428576, 334.0025357142858, 335.0775357142857]
respo_pro_koba_light_10_16_respo_ave=[119.82153571428566, 122.35153571428567, 122.79653571428575, 124.59053571428575, 127.48753571428577, 129.4685357142857, 130.8675357142857, 132.66553571428574, 134.44803571428568, 136.14753571428577, 140.03603571428567, 140.29953571428575, 142.69153571428578, 144.50053571428572, 146.97253571428575, 149.0225357142857, 148.51853571428578, 150.53853571428579, 151.72453571428582, 151.42753571428577, 156.1700357142857, 156.85053571428577, 159.3505357142857, 163.21353571428574, 164.7100357142858, 165.47953571428567, 168.8250357142857, 170.07253571428578, 173.6530357142856, 173.6575357142858, 177.22253571428573, 181.1545357142856, 182.42853571428572, 183.5745357142856, 187.89503571428574, 189.34253571428573, 192.74353571428566, 194.0335357142857, 196.63153571428572, 197.10753571428566, 200.6660357142859, 203.7635357142856, 200.3545357142858, 203.3135357142858, 204.9925357142857, 205.9965357142857, 210.62303571428572, 213.7335357142856, 215.04603571428578, 216.81253571428573]
