respo_kobatomo_light_10_8_respo_ave=[354.8835357142856, 362.9555357142859, 372.6115357142859, 381.40353571428574, 391.100035714286, 402.3765357142858, 412.850535714286, 418.03353571428585, 426.5805357142859, 432.792535714286, 446.3130357142856, 453.98453571428576, 462.22853571428567, 471.3095357142856, 480.47003571428615, 487.5565357142857, 499.3535357142856, 505.8025357142857, 514.192535714286, 520.6775357142861, 528.5505357142857, 536.4235357142857, 548.3690357142856, 554.9605357142857, 564.8075357142861, 575.9875357142856, 581.6515357142856, 583.886535714286, 592.3995357142855, 598.8925357142862, 606.9205357142857, 606.7515357142858, 617.3355357142857, 622.2245357142855, 625.1150357142861, 625.5875357142857, 635.9780357142862, 641.4305357142857, 652.1855357142857, 653.792535714286, 669.3620357142854, 676.7895357142858, 696.7060357142859, 691.4375357142853, 696.8625357142857, 712.0195357142858, 715.0600357142856, 732.4005357142862, 729.9060357142855, 739.1975357142858]
respo_kobatomo_light_10_12_respo_ave=[207.16903571428568, 213.51453571428578, 218.9070357142857, 224.1525357142857, 226.69253571428567, 235.06953571428573, 241.4020357142859, 253.03753571428578, 259.1835357142857, 258.7375357142857, 273.52753571428565, 280.28753571428575, 282.26553571428576, 292.3585357142858, 292.26253571428566, 302.87153571428587, 302.61903571428564, 306.67453571428587, 313.22153571428566, 322.62753571428567, 322.6560357142856, 337.23353571428584, 342.70403571428574, 348.48353571428584, 345.91753571428575, 355.61153571428565, 367.43803571428543, 362.38953571428567, 375.11103571428566, 374.78753571428587, 385.2105357142856, 391.3115357142858, 401.4385357142856, 400.16253571428575, 403.8075357142859, 413.14153571428574, 416.66653571428594, 425.8655357142858, 421.84603571428585, 429.782535714286, 441.7160357142857, 440.7795357142856, 440.9920357142855, 446.3775357142855, 455.7075357142862, 449.04253571428586, 472.3980357142855, 477.30053571428607, 469.419535714286, 478.9525357142861]
respo_kobatomo_light_10_16_respo_ave=[123.74353571428583, 127.21253571428564, 130.6205357142857, 134.9275357142857, 137.89003571428577, 141.92653571428573, 147.02653571428576, 151.62953571428577, 154.27403571428567, 156.89253571428577, 163.97803571428568, 167.9655357142857, 173.76553571428573, 177.14253571428566, 180.3600357142857, 188.8525357142857, 194.74853571428565, 198.49353571428568, 202.16753571428572, 207.7475357142857, 212.73303571428585, 218.18453571428572, 221.53653571428566, 226.31853571428567, 232.17003571428566, 236.2915357142856, 237.21403571428561, 244.17953571428555, 247.6675357142857, 248.49253571428565, 256.5405357142857, 261.8065357142857, 267.5360357142856, 268.07753571428583, 271.6375357142857, 274.7215357142859, 285.8020357142857, 288.95253571428566, 294.56403571428586, 296.7125357142857, 298.3240357142858, 311.1225357142859, 308.55803571428584, 310.4705357142859, 316.08003571428566, 320.63453571428573, 319.4325357142859, 328.4545357142857, 326.0665357142856, 332.9125357142857]
