respo_pro_koba_light_8_10_respo_ave=[352.9740357142857, 354.27253571428554, 358.2890357142858, 358.0185357142854, 360.04253571428586, 364.1145357142858, 368.2055357142857, 370.2125357142854, 372.944035714286, 375.19253571428584, 383.9360357142857, 384.3785357142857, 387.8290357142856, 392.6945357142859, 395.815035714286, 399.65153571428556, 405.62153571428564, 405.7425357142858, 408.4145357142854, 410.077535714286, 415.22403571428566, 418.97053571428563, 419.58703571428566, 423.64153571428574, 424.510035714286, 429.9235357142854, 438.35353571428567, 439.8945357142857, 442.0615357142856, 445.92253571428614, 450.21153571428584, 449.3645357142857, 454.01903571428574, 458.4925357142856, 458.2400357142862, 463.1985357142858, 466.4735357142856, 468.49453571428575, 473.6505357142859, 473.3125357142861, 483.19853571428575, 485.26753571428554, 489.9490357142857, 488.1795357142857, 489.35003571428615, 494.2965357142854, 496.5215357142859, 502.43453571428546, 501.3895357142857, 504.0525357142861]
respo_pro_koba_light_8_15_respo_ave=[201.56653571428558, 203.78653571428572, 206.7845357142857, 209.28853571428562, 212.9000357142857, 216.20953571428575, 218.7835357142858, 220.31053571428572, 222.14253571428583, 223.3775357142857, 228.60103571428579, 230.6305357142857, 233.0155357142858, 238.10553571428576, 241.53503571428567, 244.48253571428577, 246.16653571428571, 248.71853571428565, 252.5175357142856, 252.82753571428566, 258.4565357142858, 260.1145357142857, 262.92853571428554, 264.86453571428575, 265.2700357142857, 270.4255357142857, 269.05053571428556, 275.53653571428583, 276.9880357142857, 278.78753571428564, 284.72803571428585, 288.37553571428566, 289.3395357142858, 288.7305357142857, 291.50503571428567, 292.85953571428576, 296.20353571428575, 297.28753571428587, 300.12603571428576, 296.8775357142857, 305.13053571428577, 304.6695357142858, 306.9975357142857, 307.9375357142857, 310.6950357142857, 314.56453571428585, 317.0735357142857, 319.60453571428576, 324.1325357142856, 325.59753571428564]
respo_pro_koba_light_8_20_respo_ave=[120.70453571428565, 121.75153571428571, 123.3060357142857, 124.42653571428576, 126.06253571428577, 127.49453571428572, 128.73203571428567, 130.35053571428577, 131.9660357142858, 133.24253571428576, 136.51353571428564, 137.90653571428575, 138.7100357142857, 140.33553571428567, 141.70753571428577, 143.4025357142858, 144.56253571428567, 146.33153571428585, 148.12853571428573, 150.31753571428578, 150.8250357142857, 151.16453571428565, 153.14503571428565, 153.74453571428572, 155.35503571428578, 157.50253571428564, 158.55953571428574, 161.07153571428577, 162.98553571428567, 163.7325357142858, 170.10303571428582, 169.94253571428578, 171.35103571428567, 172.87253571428573, 176.6850357142857, 176.7245357142857, 179.50403571428578, 181.13953571428567, 183.4905357142856, 184.65253571428573, 188.46753571428573, 190.07253571428564, 191.4715357142858, 192.89253571428554, 193.2750357142857, 197.05353571428574, 197.27553571428575, 197.95553571428584, 201.6800357142856, 200.9125357142857]
