test_result_4_greedy_light_5_16_intra=[201.86666666666667]
test_result_4_greedy_light_5_16_inter=[263.93333333333334]

