test_result_4_kobatomo_light_5_16_intra=[47.1, 52.13333333333333, 71.9, 92.13333333333334, 94.6]
test_result_4_kobatomo_light_5_16_inter=[89.06666666666666, 118.66666666666667, 144.06666666666666, 168.5, 219.63333333333333]

test_result_4_kobatomo_light_5_24_intra=[36.86666666666667, 48.03333333333333, 56.7, 73.73333333333333, 75.96666666666667]
test_result_4_kobatomo_light_5_24_inter=[114.8, 155.63333333333333, 152.93333333333334, 176.73333333333332, 231.56666666666666]

test_result_4_kobatomo_light_5_32_intra=[44.1, 39.56666666666667, 49.1, 64.43333333333334, 68.56666666666666]
test_result_4_kobatomo_light_5_32_inter=[145.4, 192.96666666666667, 174.43333333333334, 187.63333333333333, 250.63333333333333]

test_result_4_kobatomo_light_8_10_intra=[79.5, 88.26666666666667, 124.8, 162.03333333333333, 165.13333333333333]
test_result_4_kobatomo_light_8_10_inter=[92.9, 121.1, 153.76666666666668, 180.1, 238.23333333333332]

test_result_4_kobatomo_light_8_15_intra=[63.233333333333334, 79.56666666666666, 98.33333333333333, 130.2, 132.1]
test_result_4_kobatomo_light_8_15_inter=[120.8, 165.4, 167.53333333333333, 190.06666666666666, 246.13333333333333]

test_result_4_kobatomo_light_8_20_intra=[72.1, 66.63333333333334, 84.7, 112.83333333333333, 118.2]
test_result_4_kobatomo_light_8_20_inter=[151.1, 208.43333333333334, 184.8, 202.73333333333332, 268.1]

test_result_4_kobatomo_light_10_8_intra=[100.33333333333333, 112.06666666666666, 159.16666666666666, 208.13333333333333, 212.3]
test_result_4_kobatomo_light_10_8_inter=[92.5, 122.1, 157.93333333333334, 185.7, 242.33333333333334]

test_result_4_kobatomo_light_10_12_intra=[79.9, 100.43333333333334, 126.4, 167.6, 169.43333333333334]
test_result_4_kobatomo_light_10_12_inter=[119.93333333333334, 163.13333333333333, 170.8, 192.7, 252.96666666666667]

test_result_4_kobatomo_light_10_16_intra=[90.43333333333334, 82.66666666666667, 108.36666666666666, 141.6, 150.0]
test_result_4_kobatomo_light_10_16_inter=[152.56666666666666, 209.63333333333333, 185.96666666666667, 201.86666666666667, 275.3333333333333]

test_result_4_kobatomo_light_20_4_intra=[198.16666666666666, 221.6, 333.26666666666665, 441.1, 446.53333333333336]
test_result_4_kobatomo_light_20_4_inter=[88.0, 119.13333333333334, 164.16666666666666, 194.66666666666666, 253.53333333333333]

test_result_4_kobatomo_light_20_6_intra=[159.9, 191.7, 262.96666666666664, 355.03333333333336, 349.73333333333335]
test_result_4_kobatomo_light_20_6_inter=[117.16666666666667, 159.1, 175.86666666666667, 203.23333333333332, 262.56666666666666]

